Temperature {K} 	Pressure {kPa} 	Density {kg/m^3} 	Uncertainty {kg/m^3} 
162	86	2962	25
162	88	2962	25
162	90	2962	25
162	92	2962	25
162	94	2962	25
162	96	2962	25
162	98	2962	25
162	100	2962	25
162	102	2962	25
162	104	2962	25
162	106	2962	25
162	108	2962	25
162	110	2962	25
162	112	2962	25
162	114	2962	25
162	116	2962	25
162	118	2962	25
162	120	2962	25
162	122	2962	25
162	124	2962	25
162	126	2962	25
162	128	2962	25
162	130	2962	25
162	132	2962	25
162	134	2962	25
162	136	2963	25
162	138	2963	25
162	140	2963	25
162	142	2963	25
162	144	2963	25
162	146	2963	25
162	148	2963	25
162	150	2963	25
162	152	2963	25
162	154	2963	25
162	156	2963	25
162	158	2963	25
162	160	2963	25
162	162	2963	25
162	164	2963	25
162	166	2963	25
162	168	2963	25
162	170	2963	25
162	172	2963	25
162	174	2963	25
162	176	2963	25
162	178	2963	25
162	180	2963	25
162	182	2963	25
162	184	2963	25
162	186	2963	25
162	188	2963	25
162	190	2963	25
162	192	2963	25
162	194	2963	25
162	196	2963	25
162	198	2963	25
162	200	2963	25
164	96	2949	25
164	98	2949	25
164	100	2949	25
164	102	2949	25
164	104	2949	25
164	106	2949	25
164	108	2949	25
164	110	2949	25
164	112	2949	25
164	114	2949	25
164	116	2949	25
164	118	2949	25
164	120	2949	25
164	122	2949	25
164	124	2949	25
164	126	2949	25
164	128	2949	25
164	130	2949	25
164	132	2949	25
164	134	2949	25
164	136	2949	25
164	138	2949	25
164	140	2949	25
164	142	2949	25
164	144	2949	25
164	146	2949	25
164	148	2949	25
164	150	2949	25
164	152	2949	25
164	154	2949	25
164	156	2949	25
164	158	2949	25
164	160	2949	25
164	162	2949	25
164	164	2949	25
164	166	2949	25
164	168	2949	25
164	170	2949	25
164	172	2949	25
164	174	2949	25
164	176	2949	25
164	178	2949	25
164	180	2949	25
164	182	2949	25
164	184	2949	25
164	186	2949	25
164	188	2949	25
164	190	2949	25
164	192	2949	25
164	194	2949	25
164	196	2949	25
164	198	2950	25
164	200	2950	25
166	108	2936	25
166	110	2936	25
166	112	2936	25
166	114	2936	25
166	116	2936	25
166	118	2936	25
166	120	2936	25
166	122	2936	25
166	124	2936	25
166	126	2936	25
166	128	2936	25
166	130	2936	25
166	132	2936	25
166	134	2936	25
166	136	2936	25
166	138	2936	25
166	140	2936	25
166	142	2936	25
166	144	2936	25
166	146	2936	25
166	148	2936	25
166	150	2936	25
166	152	2936	25
166	154	2936	25
166	156	2936	25
166	158	2936	25
166	160	2936	25
166	162	2936	25
166	164	2936	25
166	166	2936	25
166	168	2936	25
166	170	2936	25
166	172	2936	25
166	174	2936	25
166	176	2936	25
166	178	2936	25
166	180	2936	25
166	182	2936	25
166	184	2936	25
166	186	2936	25
166	188	2936	25
166	190	2936	25
166	192	2936	25
166	194	2936	25
166	196	2936	25
166	198	2936	25
166	200	2936	25
168	120	2922	24
168	122	2922	24
168	124	2922	24
168	126	2922	24
168	128	2922	24
168	130	2922	24
168	132	2922	24
168	134	2922	24
168	136	2922	24
168	138	2922	24
168	140	2922	24
168	142	2922	24
168	144	2922	24
168	146	2922	24
168	148	2922	24
168	150	2922	24
168	152	2922	24
168	154	2922	24
168	156	2922	24
168	158	2922	24
168	160	2922	24
168	162	2922	24
168	164	2922	24
168	166	2922	24
168	168	2923	24
168	170	2923	24
168	172	2923	24
168	174	2923	24
168	176	2923	24
168	178	2923	24
168	180	2923	24
168	182	2923	24
168	184	2923	24
168	186	2923	24
168	188	2923	24
168	190	2923	24
168	192	2923	24
168	194	2923	24
168	196	2923	24
168	198	2923	24
168	200	2923	24
170	134	2909	24
170	136	2909	24
170	138	2909	24
170	140	2909	24
170	142	2909	24
170	144	2909	24
170	146	2909	24
170	148	2909	24
170	150	2909	24
170	152	2909	24
170	154	2909	24
170	156	2909	24
170	158	2909	24
170	160	2909	24
170	162	2909	24
170	164	2909	24
170	166	2909	24
170	168	2909	24
170	170	2909	24
170	172	2909	24
170	174	2909	24
170	176	2909	24
170	178	2909	24
170	180	2909	24
170	182	2909	24
170	184	2909	24
170	186	2909	24
170	188	2909	24
170	190	2909	24
170	192	2909	24
170	194	2909	24
170	196	2909	24
170	198	2909	24
170	200	2909	24
172	150	2895	24
172	152	2895	24
172	154	2895	24
172	156	2895	24
172	158	2895	24
172	160	2895	24
172	162	2895	24
172	164	2895	24
172	166	2895	24
172	168	2895	24
172	170	2895	24
172	172	2895	24
172	174	2895	24
172	176	2895	24
172	178	2895	24
172	180	2895	24
172	182	2895	24
172	184	2895	24
172	186	2895	24
172	188	2895	24
172	190	2895	24
172	192	2895	24
172	194	2895	24
172	196	2895	24
172	198	2895	24
172	200	2895	24
174	166	2882	23
174	168	2882	23
174	170	2882	23
174	172	2882	23
174	174	2882	23
174	176	2882	23
174	178	2882	23
174	180	2882	23
174	182	2882	23
174	184	2882	23
174	186	2882	23
174	188	2882	23
174	190	2882	23
174	192	2882	23
174	194	2882	23
174	196	2882	23
174	198	2882	23
174	200	2882	23
176	184	2868	23
176	186	2868	23
176	188	2868	23
176	190	2868	23
176	192	2868	23
176	194	2868	23
176	196	2868	23
176	198	2868	23
176	200	2868	23