Table: Density [L]
Temperature {K} 	Pressure {kPa} 	Density {kg/m^3} 	Uncertainty {kg/m^3} 
161.405	85	2966	25
161.405	90	2966	25
161.405	95	2966	25
161.405	100	2966	25
161.405	105	2966	25
161.405	110	2966	25
161.405	115	2966	25
161.405	120	2966	25
161.405	125	2966	25
161.405	130	2966	25
161.405	135	2966	25
161.405	140	2966	25
161.405	145	2966	25
161.405	150	2967	25
161.405	155	2967	25
161.405	160	2967	25
161.405	165	2967	25
161.405	170	2967	25
161.405	175	2967	25
161.405	180	2967	25
161.405	185	2967	25
161.405	190	2967	25
161.405	195	2967	25
162	85	2962	25
162	90	2962	25
162	95	2962	25
162	100	2962	25
162	105	2962	25
162	110	2962	25
162	115	2962	25
162	120	2962	25
162	125	2962	25
162	130	2962	25
162	135	2962	25
162	140	2963	25
162	145	2963	25
162	150	2963	25
162	155	2963	25
162	160	2963	25
162	165	2963	25
162	170	2963	25
162	175	2963	25
162	180	2963	25
162	185	2963	25
162	190	2963	25
162	195	2963	25
162	200	2963	25
162	205	2963	25
162	210	2963	25
162	215	2963	25
162	220	2963	25
162	225	2963	25
162	230	2963	25
162	235	2963	25
162	240	2963	25
162	245	2963	25
162	250	2963	25
162	255	2963	25
162	260	2963	25
162	265	2963	25
162	270	2963	25
162	275	2963	25
162	280	2963	25
162	285	2963	25
162	290	2963	25
162	295	2963	25
162	300	2963	25
162	305	2963	25
162	310	2963	25
162	315	2963	25
162	320	2963	25
162	325	2963	25
162	330	2963	25
162	335	2963	25
162	340	2963	25
162	345	2963	25
162	350	2964	25
162	355	2964	25
162	360	2964	25
162	365	2964	25
162	370	2964	25
162	375	2964	25
162	380	2964	25
162	385	2964	25
162	390	2964	25
162	395	2964	25
162	400	2964	25
162	405	2964	25
162	410	2964	25
162	415	2964	25
162	420	2964	25
162	425	2964	25
163	90	2956	25
163	95	2956	25
163	100	2956	25
163	105	2956	25
163	110	2956	25
163	115	2956	25
163	120	2956	25
163	125	2956	25
163	130	2956	25
163	135	2956	25
163	140	2956	25
163	145	2956	25
163	150	2956	25
163	155	2956	25
163	160	2956	25
163	165	2956	25
163	170	2956	25
163	175	2956	25
163	180	2956	25
163	185	2956	25
163	190	2956	25
163	195	2956	25
163	200	2956	25
163	205	2956	25
163	210	2956	25
163	215	2956	25
163	220	2956	25
163	225	2956	25
163	230	2956	25
163	235	2956	25
163	240	2956	25
163	245	2956	25
163	250	2956	25
163	255	2956	25
163	260	2956	25
163	265	2956	25
163	270	2957	25
163	275	2957	25
163	280	2957	25
163	285	2957	25
163	290	2957	25
163	295	2957	25
163	300	2957	25
163	305	2957	25
163	310	2957	25
163	315	2957	25
163	320	2957	25
163	325	2957	25
163	330	2957	25
163	335	2957	25
163	340	2957	25
163	345	2957	25
163	350	2957	25
163	355	2957	25
163	360	2957	25
163	365	2957	25
163	370	2957	25
163	375	2957	25
163	380	2957	25
163	385	2957	25
163	390	2957	25
163	395	2957	25
163	400	2957	25
163	405	2957	25
163	410	2957	25
163	415	2957	25
163	420	2957	25
163	425	2957	25
164	100	2949	25
164	105	2949	25
164	110	2949	25
164	115	2949	25
164	120	2949	25
164	125	2949	25
164	130	2949	25
164	135	2949	25
164	140	2949	25
164	145	2949	25
164	150	2949	25
164	155	2949	25
164	160	2949	25
164	165	2949	25
164	170	2949	25
164	175	2949	25
164	180	2949	25
164	185	2949	25
164	190	2949	25
164	195	2949	25
164	200	2950	25
164	205	2950	25
164	210	2950	25
164	215	2950	25
164	220	2950	25
164	225	2950	25
164	230	2950	25
164	235	2950	25
164	240	2950	25
164	245	2950	25
164	250	2950	25
164	255	2950	25
164	260	2950	25
164	265	2950	25
164	270	2950	25
164	275	2950	25
164	280	2950	25
164	285	2950	25
164	290	2950	25
164	295	2950	25
164	300	2950	25
164	305	2950	25
164	310	2950	25
164	315	2950	25
164	320	2950	25
164	325	2950	25
164	330	2950	25
164	335	2950	25
164	340	2950	25
164	345	2950	25
164	350	2950	25
164	355	2950	25
164	360	2950	25
164	365	2950	25
164	370	2950	25
164	375	2950	25
164	380	2950	25
164	385	2950	25
164	390	2950	25
164	395	2950	25
164	400	2950	25
164	405	2951	25
164	410	2951	25
164	415	2951	25
164	420	2951	25
164	425	2951	25
165	105	2942	25
165	110	2942	25
165	115	2942	25
165	120	2942	25
165	125	2942	25
165	130	2942	25
165	135	2943	25
165	140	2943	25
165	145	2943	25
165	150	2943	25
165	155	2943	25
165	160	2943	25
165	165	2943	25
165	170	2943	25
165	175	2943	25
165	180	2943	25
165	185	2943	25
165	190	2943	25
165	195	2943	25
165	200	2943	25
165	205	2943	25
165	210	2943	25
165	215	2943	25
165	220	2943	25
165	225	2943	25
165	230	2943	25
165	235	2943	25
165	240	2943	25
165	245	2943	25
165	250	2943	25
165	255	2943	25
165	260	2943	25
165	265	2943	25
165	270	2943	25
165	275	2943	25
165	280	2943	25
165	285	2943	25
165	290	2943	25
165	295	2943	25
165	300	2943	25
165	305	2943	25
165	310	2943	25
165	315	2943	25
165	320	2943	25
165	325	2943	25
165	330	2943	25
165	335	2943	25
165	340	2944	25
165	345	2944	25
165	350	2944	25
165	355	2944	25
165	360	2944	25
165	365	2944	25
165	370	2944	25
165	375	2944	25
165	380	2944	25
165	385	2944	25
165	390	2944	25
165	395	2944	25
165	400	2944	25
165	405	2944	25
165	410	2944	25
165	415	2944	25
165	420	2944	25
165	425	2944	25
166	110	2936	25
166	115	2936	25
166	120	2936	25
166	125	2936	25
166	130	2936	25
166	135	2936	25
166	140	2936	25
166	145	2936	25
166	150	2936	25
166	155	2936	25
166	160	2936	25
166	165	2936	25
166	170	2936	25
166	175	2936	25
166	180	2936	25
166	185	2936	25
166	190	2936	25
166	195	2936	25
166	200	2936	25
166	205	2936	25
166	210	2936	25
166	215	2936	25
166	220	2936	25
166	225	2936	25
166	230	2936	25
166	235	2936	25
166	240	2936	25
166	245	2936	25
166	250	2936	25
166	255	2936	25
166	260	2936	25
166	265	2936	25
166	270	2936	25
166	275	2937	25
166	280	2937	25
166	285	2937	25
166	290	2937	25
166	295	2937	25
166	300	2937	25
166	305	2937	25
166	310	2937	25
166	315	2937	25
166	320	2937	25
166	325	2937	25
166	330	2937	25
166	335	2937	25
166	340	2937	25
166	345	2937	25
166	350	2937	25
166	355	2937	25
166	360	2937	25
166	365	2937	25
166	370	2937	25
166	375	2937	25
166	380	2937	25
166	385	2937	25
166	390	2937	25
166	395	2937	25
166	400	2937	25
166	405	2937	25
166	410	2937	25
166	415	2937	25
166	420	2937	25
166	425	2937	25
167	115	2929	25
167	120	2929	25
167	125	2929	25
167	130	2929	25
167	135	2929	25
167	140	2929	25
167	145	2929	25
167	150	2929	25
167	155	2929	25
167	160	2929	25
167	165	2929	25
167	170	2929	25
167	175	2929	25
167	180	2929	25
167	185	2929	25
167	190	2929	25
167	195	2929	25
167	200	2929	25
167	205	2929	25
167	210	2929	25
167	215	2929	25
167	220	2930	25
167	225	2930	25
167	230	2930	25
167	235	2930	25
167	240	2930	25
167	245	2930	25
167	250	2930	25
167	255	2930	25
167	260	2930	25
167	265	2930	25
167	270	2930	25
167	275	2930	25
167	280	2930	25
167	285	2930	25
167	290	2930	25
167	295	2930	25
167	300	2930	25
167	305	2930	25
167	310	2930	25
167	315	2930	25
167	320	2930	25
167	325	2930	25
167	330	2930	25
167	335	2930	25
167	340	2930	25
167	345	2930	25
167	350	2930	25
167	355	2930	25
167	360	2930	25
167	365	2930	25
167	370	2930	25
167	375	2930	25
167	380	2930	24
167	385	2930	24
167	390	2930	24
167	395	2930	24
167	400	2930	24
167	405	2930	24
167	410	2930	24
167	415	2930	24
167	420	2931	24
167	425	2931	24
168	120	2922	24
168	125	2922	24
168	130	2922	24
168	135	2922	24
168	140	2922	24
168	145	2922	24
168	150	2922	24
168	155	2922	24
168	160	2922	24
168	165	2922	24
168	170	2923	24
168	175	2923	24
168	180	2923	24
168	185	2923	24
168	190	2923	24
168	195	2923	24
168	200	2923	24
168	205	2923	24
168	210	2923	24
168	215	2923	24
168	220	2923	24
168	225	2923	24
168	230	2923	24
168	235	2923	24
168	240	2923	24
168	245	2923	24
168	250	2923	24
168	255	2923	24
168	260	2923	24
168	265	2923	24
168	270	2923	24
168	275	2923	24
168	280	2923	24
168	285	2923	24
168	290	2923	24
168	295	2923	24
168	300	2923	24
168	305	2923	24
168	310	2923	24
168	315	2923	24
168	320	2923	24
168	325	2923	24
168	330	2923	24
168	335	2923	24
168	340	2923	24
168	345	2923	24
168	350	2923	24
168	355	2923	24
168	360	2923	24
168	365	2924	24
168	370	2924	24
168	375	2924	24
168	380	2924	24
168	385	2924	24
168	390	2924	24
168	395	2924	24
168	400	2924	24
168	405	2924	24
168	410	2924	24
168	415	2924	24
168	420	2924	24
168	425	2924	24
169	130	2916	24
169	135	2916	24
169	140	2916	24
169	145	2916	24
169	150	2916	24
169	155	2916	24
169	160	2916	24
169	165	2916	24
169	170	2916	24
169	175	2916	24
169	180	2916	24
169	185	2916	24
169	190	2916	24
169	195	2916	24
169	200	2916	24
169	205	2916	24
169	210	2916	24
169	215	2916	24
169	220	2916	24
169	225	2916	24
169	230	2916	24
169	235	2916	24
169	240	2916	24
169	245	2916	24
169	250	2916	24
169	255	2916	24
169	260	2916	24
169	265	2916	24
169	270	2916	24
169	275	2916	24
169	280	2916	24
169	285	2916	24
169	290	2916	24
169	295	2916	24
169	300	2916	24
169	305	2916	24
169	310	2916	24
169	315	2916	24
169	320	2917	24
169	325	2917	24
169	330	2917	24
169	335	2917	24
169	340	2917	24
169	345	2917	24
169	350	2917	24
169	355	2917	24
169	360	2917	24
169	365	2917	24
169	370	2917	24
169	375	2917	24
169	380	2917	24
169	385	2917	24
169	390	2917	24
169	395	2917	24
169	400	2917	24
169	405	2917	24
169	410	2917	24
169	415	2917	24
169	420	2917	24
169	425	2917	24
170	135	2909	24
170	140	2909	24
170	145	2909	24
170	150	2909	24
170	155	2909	24
170	160	2909	24
170	165	2909	24
170	170	2909	24
170	175	2909	24
170	180	2909	24
170	185	2909	24
170	190	2909	24
170	195	2909	24
170	200	2909	24
170	205	2909	24
170	210	2909	24
170	215	2909	24
170	220	2909	24
170	225	2909	24
170	230	2909	24
170	235	2909	24
170	240	2909	24
170	245	2909	24
170	250	2909	24
170	255	2909	24
170	260	2909	24
170	265	2909	24
170	270	2909	24
170	275	2910	24
170	280	2910	24
170	285	2910	24
170	290	2910	24
170	295	2910	24
170	300	2910	24
170	305	2910	24
170	310	2910	24
170	315	2910	24
170	320	2910	24
170	325	2910	24
170	330	2910	24
170	335	2910	24
170	340	2910	24
170	345	2910	24
170	350	2910	24
170	355	2910	24
170	360	2910	24
170	365	2910	24
170	370	2910	24
170	375	2910	24
170	380	2910	24
170	385	2910	24
170	390	2910	24
170	395	2910	24
170	400	2910	24
170	405	2910	24
170	410	2910	24
170	415	2910	24
170	420	2910	24
170	425	2910	24
171	145	2902	24
171	150	2902	24
171	155	2902	24
171	160	2902	24
171	165	2902	24
171	170	2902	24
171	175	2902	24
171	180	2902	24
171	185	2902	24
171	190	2902	24
171	195	2902	24
171	200	2902	24
171	205	2902	24
171	210	2902	24
171	215	2902	24
171	220	2902	24
171	225	2902	24
171	230	2902	24
171	235	2902	24
171	240	2903	24
171	245	2903	24
171	250	2903	24
171	255	2903	24
171	260	2903	24
171	265	2903	24
171	270	2903	24
171	275	2903	24
171	280	2903	24
171	285	2903	24
171	290	2903	24
171	295	2903	24
171	300	2903	24
171	305	2903	24
171	310	2903	24
171	315	2903	24
171	320	2903	24
171	325	2903	24
171	330	2903	24
171	335	2903	24
171	340	2903	24
171	345	2903	24
171	350	2903	24
171	355	2903	24
171	360	2903	24
171	365	2903	24
171	370	2903	24
171	375	2903	24
171	380	2903	24
171	385	2903	24
171	390	2903	24
171	395	2903	24
171	400	2903	24
171	405	2903	24
171	410	2903	24
171	415	2903	24
171	420	2903	24
171	425	2903	24
172	150	2895	24
172	155	2895	24
172	160	2895	24
172	165	2895	24
172	170	2895	24
172	175	2895	24
172	180	2895	24
172	185	2895	24
172	190	2895	24
172	195	2895	24
172	200	2895	24
172	205	2895	24
172	210	2896	24
172	215	2896	24
172	220	2896	24
172	225	2896	24
172	230	2896	24
172	235	2896	24
172	240	2896	24
172	245	2896	24
172	250	2896	24
172	255	2896	24
172	260	2896	24
172	265	2896	24
172	270	2896	24
172	275	2896	24
172	280	2896	24
172	285	2896	24
172	290	2896	24
172	295	2896	24
172	300	2896	24
172	305	2896	24
172	310	2896	24
172	315	2896	24
172	320	2896	24
172	325	2896	24
172	330	2896	24
172	335	2896	24
172	340	2896	24
172	345	2896	24
172	350	2896	24
172	355	2896	24
172	360	2896	24
172	365	2896	24
172	370	2896	24
172	375	2896	24
172	380	2896	24
172	385	2896	24
172	390	2896	24
172	395	2897	24
172	400	2897	24
172	405	2897	24
172	410	2897	24
172	415	2897	24
172	420	2897	24
172	425	2897	24
173	160	2888	24
173	165	2888	24
173	170	2888	24
173	175	2888	24
173	180	2888	24
173	185	2889	24
173	190	2889	24
173	195	2889	24
173	200	2889	24
173	205	2889	24
173	210	2889	24
173	215	2889	24
173	220	2889	24
173	225	2889	24
173	230	2889	24
173	235	2889	24
173	240	2889	24
173	245	2889	24
173	250	2889	24
173	255	2889	24
173	260	2889	24
173	265	2889	24
173	270	2889	24
173	275	2889	24
173	280	2889	24
173	285	2889	24
173	290	2889	24
173	295	2889	24
173	300	2889	24
173	305	2889	24
173	310	2889	24
173	315	2889	24
173	320	2889	24
173	325	2889	24
173	330	2889	24
173	335	2889	24
173	340	2889	24
173	345	2889	24
173	350	2889	24
173	355	2889	24
173	360	2889	24
173	365	2889	24
173	370	2890	24
173	375	2890	24
173	380	2890	24
173	385	2890	24
173	390	2890	24
173	395	2890	24
173	400	2890	24
173	405	2890	24
173	410	2890	24
173	415	2890	24
173	420	2890	24
173	425	2890	24
174	165	2882	23
174	170	2882	23
174	175	2882	23
174	180	2882	23
174	185	2882	23
174	190	2882	23
174	195	2882	23
174	200	2882	23
174	205	2882	23
174	210	2882	23
174	215	2882	23
174	220	2882	23
174	225	2882	23
174	230	2882	23
174	235	2882	23
174	240	2882	23
174	245	2882	23
174	250	2882	23
174	255	2882	23
174	260	2882	23
174	265	2882	23
174	270	2882	23
174	275	2882	23
174	280	2882	23
174	285	2882	23
174	290	2882	23
174	295	2882	23
174	300	2882	23
174	305	2882	23
174	310	2882	23
174	315	2882	23
174	320	2882	23
174	325	2882	23
174	330	2882	23
174	335	2882	23
174	340	2882	23
174	345	2882	23
174	350	2883	23
174	355	2883	23
174	360	2883	23
174	365	2883	23
174	370	2883	23
174	375	2883	23
174	380	2883	23
174	385	2883	23
174	390	2883	23
174	395	2883	23
174	400	2883	23
174	405	2883	23
174	410	2883	23
174	415	2883	23
174	420	2883	23
174	425	2883	23
175	175	2875	23
175	180	2875	23
175	185	2875	23
175	190	2875	23
175	195	2875	23
175	200	2875	23
175	205	2875	23
175	210	2875	23
175	215	2875	23
175	220	2875	23
175	225	2875	23
175	230	2875	23
175	235	2875	23
175	240	2875	23
175	245	2875	23
175	250	2875	23
175	255	2875	23
175	260	2875	23
175	265	2875	23
175	270	2875	23
175	275	2875	23
175	280	2875	23
175	285	2875	23
175	290	2875	23
175	295	2875	23
175	300	2875	23
175	305	2875	23
175	310	2875	23
175	315	2875	23
175	320	2875	23
175	325	2875	23
175	330	2876	23
175	335	2876	23
175	340	2876	23
175	345	2876	23
175	350	2876	23
175	355	2876	23
175	360	2876	23
175	365	2876	23
175	370	2876	23
175	375	2876	23
175	380	2876	23
175	385	2876	23
175	390	2876	23
175	395	2876	23
175	400	2876	23
175	405	2876	23
175	410	2876	23
175	415	2876	23
175	420	2876	23
175	425	2876	23
176	185	2868	23
176	190	2868	23
176	195	2868	23
176	200	2868	23
176	205	2868	23
176	210	2868	23
176	215	2868	23
176	220	2868	23
176	225	2868	23
176	230	2868	23
176	235	2868	23
176	240	2868	23
176	245	2868	23
176	250	2868	23
176	255	2868	23
176	260	2868	23
176	265	2868	23
176	270	2868	23
176	275	2868	23
176	280	2868	23
176	285	2868	23
176	290	2868	23
176	295	2868	23
176	300	2868	23
176	305	2868	23
176	310	2868	23
176	315	2868	23
176	320	2869	23
176	325	2869	23
176	330	2869	23
176	335	2869	23
176	340	2869	23
176	345	2869	23
176	350	2869	23
176	355	2869	23
176	360	2869	23
176	365	2869	23
176	370	2869	23
176	375	2869	23
176	380	2869	23
176	385	2869	23
176	390	2869	23
176	395	2869	23
176	400	2869	23
176	405	2869	23
176	410	2869	23
176	415	2869	23
176	420	2869	23
176	425	2869	23
177	195	2861	23
177	200	2861	23
177	205	2861	23
177	210	2861	23
177	215	2861	23
177	220	2861	23
177	225	2861	23
177	230	2861	23
177	235	2861	23
177	240	2861	23
177	245	2861	23
177	250	2861	23
177	255	2861	23
177	260	2861	23
177	265	2861	23
177	270	2861	23
177	275	2861	23
177	280	2861	23
177	285	2861	23
177	290	2861	23
177	295	2861	23
177	300	2861	23
177	305	2861	23
177	310	2861	23
177	315	2862	23
177	320	2862	23
177	325	2862	23
177	330	2862	23
177	335	2862	23
177	340	2862	23
177	345	2862	23
177	350	2862	23
177	355	2862	23
177	360	2862	23
177	365	2862	23
177	370	2862	23
177	375	2862	23
177	380	2862	23
177	385	2862	23
177	390	2862	23
177	395	2862	23
177	400	2862	23
177	405	2862	23
177	410	2862	23
177	415	2862	23
177	420	2862	23
177	425	2862	23
178	205	2854	23
178	210	2854	23
178	215	2854	23
178	220	2854	23
178	225	2854	23
178	230	2854	23
178	235	2854	23
178	240	2854	23
178	245	2854	23
178	250	2854	23
178	255	2854	23
178	260	2854	23
178	265	2854	23
178	270	2854	23
178	275	2854	23
178	280	2854	23
178	285	2854	23
178	290	2854	23
178	295	2854	23
178	300	2854	23
178	305	2854	23
178	310	2854	23
178	315	2855	23
178	320	2855	23
178	325	2855	23
178	330	2855	23
178	335	2855	23
178	340	2855	23
178	345	2855	23
178	350	2855	23
178	355	2855	23
178	360	2855	23
178	365	2855	23
178	370	2855	23
178	375	2855	23
178	380	2855	23
178	385	2855	23
178	390	2855	23
178	395	2855	23
178	400	2855	23
178	405	2855	23
178	410	2855	23
178	415	2855	23
178	420	2855	23
178	425	2855	23
179	215	2847	23
179	220	2847	23
179	225	2847	23
179	230	2847	23
179	235	2847	23
179	240	2847	23
179	245	2847	23
179	250	2847	23
179	255	2847	23
179	260	2847	23
179	265	2847	23
179	270	2847	23
179	275	2847	23
179	280	2847	23
179	285	2847	23
179	290	2847	23
179	295	2847	23
179	300	2847	23
179	305	2847	23
179	310	2847	23
179	315	2848	23
179	320	2848	23
179	325	2848	23
179	330	2848	23
179	335	2848	23
179	340	2848	23
179	345	2848	23
179	350	2848	23
179	355	2848	23
179	360	2848	23
179	365	2848	23
179	370	2848	23
179	375	2848	23
179	380	2848	23
179	385	2848	23
179	390	2848	23
179	395	2848	23
179	400	2848	23
179	405	2848	23
179	410	2848	23
179	415	2848	23
179	420	2848	23
179	425	2848	23
180	225	2840	23
180	230	2840	23
180	235	2840	23
180	240	2840	23
180	245	2840	23
180	250	2840	23
180	255	2840	23
180	260	2840	23
180	265	2840	23
180	270	2840	23
180	275	2840	23
180	280	2840	23
180	285	2840	23
180	290	2840	23
180	295	2840	23
180	300	2840	23
180	305	2840	23
180	310	2840	23
180	315	2840	23
180	320	2840	23
180	325	2841	23
180	330	2841	23
180	335	2841	23
180	340	2841	23
180	345	2841	23
180	350	2841	23
180	355	2841	23
180	360	2841	23
180	365	2841	23
180	370	2841	23
180	375	2841	23
180	380	2841	23
180	385	2841	23
180	390	2841	23
180	395	2841	23
180	400	2841	23
180	405	2841	23
180	410	2841	23
180	415	2841	23
180	420	2841	23
180	425	2841	23
181	235	2833	22
181	240	2833	22
181	245	2833	22
181	250	2833	22
181	255	2833	22
181	260	2833	22
181	265	2833	22
181	270	2833	22
181	275	2833	22
181	280	2833	22
181	285	2833	22
181	290	2833	22
181	295	2833	22
181	300	2833	22
181	305	2833	22
181	310	2833	22
181	315	2833	22
181	320	2833	22
181	325	2833	22
181	330	2833	22
181	335	2833	22
181	340	2834	22
181	345	2834	22
181	350	2834	22
181	355	2834	22
181	360	2834	22
181	365	2834	22
181	370	2834	22
181	375	2834	22
181	380	2834	22
181	385	2834	22
181	390	2834	22
181	395	2834	22
181	400	2834	22
181	405	2834	22
181	410	2834	22
181	415	2834	22
181	420	2834	22
181	425	2834	22
182	245	2826	22
182	250	2826	22
182	255	2826	22
182	260	2826	22
182	265	2826	22
182	270	2826	22
182	275	2826	22
182	280	2826	22
182	285	2826	22
182	290	2826	22
182	295	2826	22
182	300	2826	22
182	305	2826	22
182	310	2826	22
182	315	2826	22
182	320	2826	22
182	325	2826	22
182	330	2826	22
182	335	2826	22
182	340	2826	22
182	345	2826	22
182	350	2826	22
182	355	2827	22
182	360	2827	22
182	365	2827	22
182	370	2827	22
182	375	2827	22
182	380	2827	22
182	385	2827	22
182	390	2827	22
182	395	2827	22
182	400	2827	22
182	405	2827	22
182	410	2827	22
182	415	2827	22
182	420	2827	22
182	425	2827	22
183	255	2819	22
183	260	2819	22
183	265	2819	22
183	270	2819	22
183	275	2819	22
183	280	2819	22
183	285	2819	22
183	290	2819	22
183	295	2819	22
183	300	2819	22
183	305	2819	22
183	310	2819	22
183	315	2819	22
183	320	2819	22
183	325	2819	22
183	330	2819	22
183	335	2819	22
183	340	2819	22
183	345	2819	22
183	350	2819	22
183	355	2819	22
183	360	2819	22
183	365	2819	22
183	370	2819	22
183	375	2819	22
183	380	2820	22
183	385	2820	22
183	390	2820	22
183	395	2820	22
183	400	2820	22
183	405	2820	22
183	410	2820	22
183	415	2820	22
183	420	2820	22
183	425	2820	22
184	270	2812	22
184	275	2812	22
184	280	2812	22
184	285	2812	22
184	290	2812	22
184	295	2812	22
184	300	2812	22
184	305	2812	22
184	310	2812	22
184	315	2812	22
184	320	2812	22
184	325	2812	22
184	330	2812	22
184	335	2812	22
184	340	2812	22
184	345	2812	22
184	350	2812	22
184	355	2812	22
184	360	2812	22
184	365	2812	22
184	370	2812	22
184	375	2812	22
184	380	2812	22
184	385	2812	22
184	390	2812	22
184	395	2812	22
184	400	2812	22
184	405	2813	22
184	410	2813	22
184	415	2813	22
184	420	2813	22
184	425	2813	22
185	280	2804	22
185	285	2805	22
185	290	2805	22
185	295	2805	22
185	300	2805	22
185	305	2805	22
185	310	2805	22
185	315	2805	22
185	320	2805	22
185	325	2805	22
185	330	2805	22
185	335	2805	22
185	340	2805	22
185	345	2805	22
185	350	2805	22
185	355	2805	22
185	360	2805	22
185	365	2805	22
185	370	2805	22
185	375	2805	22
185	380	2805	22
185	385	2805	22
185	390	2805	22
185	395	2805	22
185	400	2805	22
185	405	2805	22
185	410	2805	22
185	415	2805	22
185	420	2805	22
185	425	2805	22
186	295	2797	22
186	300	2797	22
186	305	2797	22
186	310	2797	22
186	315	2797	22
186	320	2798	22
186	325	2798	22
186	330	2798	22
186	335	2798	22
186	340	2798	22
186	345	2798	22
186	350	2798	22
186	355	2798	22
186	360	2798	22
186	365	2798	22
186	370	2798	22
186	375	2798	22
186	380	2798	22
186	385	2798	22
186	390	2798	22
186	395	2798	22
186	400	2798	22
186	405	2798	22
186	410	2798	22
186	415	2798	22
186	420	2798	22
186	425	2798	22
187	310	2790	22
187	315	2790	22
187	320	2790	22
187	325	2790	22
187	330	2790	22
187	335	2790	22
187	340	2790	22
187	345	2790	22
187	350	2790	22
187	355	2790	22
187	360	2790	22
187	365	2791	22
187	370	2791	22
187	375	2791	22
187	380	2791	22
187	385	2791	22
187	390	2791	22
187	395	2791	22
187	400	2791	22
187	405	2791	22
187	410	2791	22
187	415	2791	22
187	420	2791	22
187	425	2791	22
188	320	2783	21
188	325	2783	21
188	330	2783	21
188	335	2783	21
188	340	2783	21
188	345	2783	21
188	350	2783	21
188	355	2783	21
188	360	2783	21
188	365	2783	21
188	370	2783	21
188	375	2783	21
188	380	2783	21
188	385	2783	21
188	390	2783	21
188	395	2783	21
188	400	2783	21
188	405	2783	21
188	410	2784	21
188	415	2784	21
188	420	2784	21
188	425	2784	21
189	335	2776	21
189	340	2776	21
189	345	2776	21
189	350	2776	21
189	355	2776	21
189	360	2776	21
189	365	2776	21
189	370	2776	21
189	375	2776	21
189	380	2776	21
189	385	2776	21
189	390	2776	21
189	395	2776	21
189	400	2776	21
189	405	2776	21
189	410	2776	21
189	415	2776	21
189	420	2776	21
189	425	2776	21
190	350	2768	21
190	355	2768	21
190	360	2768	21
190	365	2768	21
190	370	2769	21
190	375	2769	21
190	380	2769	21
190	385	2769	21
190	390	2769	21
190	395	2769	21
190	400	2769	21
190	405	2769	21
190	410	2769	21
190	415	2769	21
190	420	2769	21
190	425	2769	21
191	365	2761	21
191	370	2761	21
191	375	2761	21
191	380	2761	21
191	385	2761	21
191	390	2761	21
191	395	2761	21
191	400	2761	21
191	405	2761	21
191	410	2761	21
191	415	2761	21
191	420	2761	21
191	425	2761	21
192	380	2754	21
192	385	2754	21
192	390	2754	21
192	395	2754	21
192	400	2754	21
192	405	2754	21
192	410	2754	21
192	415	2754	21
192	420	2754	21
192	425	2754	21
193	395	2746	21
193	400	2746	21
193	405	2746	21
193	410	2746	21
193	415	2746	21
193	420	2746	21
193	425	2747	21
194	415	2739	21
194	420	2739	21
194	425	2739	21

