Table: Density [G]
Temperature {K} 	Pressure {kPa} 	Density {kg/m^3} 	Uncertainty {kg/m^3} 
165	0.7	0.06700580	8.3e-7
165	25	2.4108	0.0011
165	50	4.8591	0.0045
165	75	7.347	0.010
165	100	9.877	0.019
170	0.7	0.06503380	7.1e-7
170	25	2.33826	0.00092
170	50	4.7096	0.0038
170	75	7.1156	0.0088
170	100	9.558	0.016
170	125	12.039	0.026
180	0.7	0.06141890	5.2e-7
180	25	2.20589	0.00068
180	50	4.4378	0.0028
180	75	6.6967	0.0064
180	100	8.984	0.012
180	125	11.300	0.019
180	150	13.646	0.027
180	175	16.025	0.038
180	200	18.437	0.051
190	0.7	0.05818490	3.9e-7
190	25	2.08796	0.00051
190	50	4.1967	0.0021
190	75	6.3269	0.0048
190	100	8.4793	0.0087
190	125	10.654	0.014
190	150	12.853	0.020
190	175	15.077	0.028
190	200	17.325	0.037
190	225	19.600	0.048
190	250	21.902	0.061
190	275	24.233	0.075
190	300	26.594	0.091
190	325	28.99	0.11
200	0.7	0.05527460	3e-7
200	25	1.98217	0.00039
200	50	3.9812	0.0016
200	75	5.9976	0.0036
200	100	8.0318	0.0066
200	125	10.084	0.010
200	150	12.155	0.015
200	175	14.246	0.021
200	200	16.356	0.028
200	225	18.487	0.036
200	250	20.638	0.045
200	275	22.812	0.056
200	300	25.008	0.068
200	325	27.227	0.081
200	350	29.470	0.095
200	375	31.74	0.11
200	400	34.03	0.13
200	425	36.35	0.15
210	0.7	0.05264170	2.4e-7
210	25	1.88671	0.00031
210	50	3.7873	0.0012
210	75	5.7021	0.0028
210	100	7.6313	0.0051
210	125	9.5754	0.0081
210	150	11.535	0.012
210	175	13.509	0.016
210	200	15.500	0.022
210	225	17.507	0.028
210	250	19.530	0.035
210	275	21.571	0.042
210	300	23.629	0.051
210	325	25.705	0.061
210	350	27.799	0.072
210	375	29.913	0.084
210	400	32.046	0.097
210	425	34.20	0.11
220	0.7	0.05024820	1.9e-7
220	25	1.80011	0.00024
220	50	3.61174	0.00098
220	75	5.4351	0.0022
220	100	7.2704	0.0040
220	125	9.1179	0.0063
220	150	10.9778	0.0092
220	175	12.850	0.013
220	200	14.736	0.017
220	225	16.635	0.021
220	250	18.547	0.027
220	275	20.473	0.033
220	300	22.412	0.040
220	325	24.367	0.047
220	350	26.335	0.055
220	375	28.319	0.064
220	400	30.318	0.074
220	425	32.333	0.085
230	0.7	0.04806300	1.5e-7
230	25	1.72118	0.00019
230	50	3.45201	0.00078
230	75	5.1927	0.0018
230	100	6.9433	0.0032
230	125	8.7040	0.0050
230	150	10.4751	0.0073
230	175	12.257	0.010
230	200	14.049	0.013
230	225	15.852	0.017
230	250	17.666	0.021
230	275	19.491	0.026
230	300	21.328	0.031
230	325	23.176	0.037
230	350	25.036	0.043
230	375	26.908	0.050
230	400	28.793	0.058
230	425	30.690	0.066
240	0.7	0.04605990	1.2e-7
240	25	1.64893	0.00016
240	50	3.30601	0.00063
240	75	4.9714	0.0014
240	100	6.6451	0.0026
240	125	8.3274	0.0041
240	150	10.0183	0.0059
240	175	11.7179	0.0081
240	200	13.426	0.011
240	225	15.144	0.014
240	250	16.871	0.017
240	275	18.607	0.021
240	300	20.352	0.025
240	325	22.107	0.029
240	350	23.872	0.034
240	375	25.646	0.040
240	400	27.431	0.046
240	425	29.226	0.052
250	0.7	0.04421720	1e-7
250	25	1.58253	0.00013
250	50	3.17201	0.00052
250	75	4.7685	0.0012
250	100	6.3722	0.0021
250	125	7.9830	0.0033
250	150	9.6011	0.0048
250	175	11.2266	0.0066
250	200	12.8596	0.0087
250	225	14.500	0.011
250	250	16.148	0.014
250	275	17.805	0.017
250	300	19.468	0.020
250	325	21.140	0.024
250	350	22.820	0.028
250	375	24.508	0.032
250	400	26.205	0.037
250	425	27.910	0.042
260	0.7	0.042516300	8.4e-8
260	25	1.52131	0.00011
260	50	3.04857	0.00043
260	75	4.58185	0.00098
260	100	6.1212	0.0017
260	125	7.6667	0.0027
260	150	9.2184	0.0040
260	175	10.7764	0.0055
260	200	12.3408	0.0072
260	225	13.9115	0.0091
260	250	15.489	0.011
260	275	17.073	0.014
260	300	18.663	0.017
260	325	20.260	0.020
260	350	21.864	0.023
260	375	23.475	0.026
260	400	25.093	0.030
260	425	26.718	0.034
270	0.7	0.040941400	7e-8
270	25	1.464670	9.0e-5
270	50	2.93447	0.00036
270	75	4.40944	0.00082
270	100	5.8896	0.0015
270	125	7.3751	0.0023
270	150	8.8659	0.0033
270	175	10.3621	0.0046
270	200	11.8637	0.0060
270	225	13.3708	0.0076
270	250	14.8835	0.0094
270	275	16.402	0.011
270	300	17.926	0.014
270	325	19.455	0.016
270	350	20.991	0.019
270	375	22.532	0.022
270	400	24.079	0.025
270	425	25.632	0.028
280	0.7	0.039479000	6e-8
280	25	1.412110	7.6e-5
280	50	2.82866	0.00031
280	75	4.24970	0.00069
280	100	5.6753	0.0012
280	125	7.1054	0.0019
280	150	8.5401	0.0028
280	175	9.9794	0.0038
280	200	11.4234	0.0050
280	225	12.8721	0.0064
280	250	14.3256	0.0080
280	275	15.7839	0.0097
280	300	17.247	0.012
280	325	18.715	0.014
280	350	20.188	0.016
280	375	21.666	0.018
280	400	23.149	0.021
280	425	24.637	0.024
290	0.7	0.038117500	5.1e-8
290	25	1.363210	6.5e-5
290	50	2.73029	0.00026
290	75	4.10126	0.00059
290	100	5.4762	0.0011
290	125	6.8550	0.0017
290	150	8.2379	0.0024
290	175	9.6247	0.0033
290	200	11.0156	0.0043
290	225	12.4106	0.0055
290	250	13.8097	0.0068
290	275	15.2129	0.0082
290	300	16.6203	0.0098
290	325	18.032	0.012
290	350	19.448	0.013
290	375	20.868	0.016
290	400	22.292	0.018
290	425	23.721	0.020
300	0.7	0.036846800	4.4e-8
300	25	1.317590	5.7e-5
300	50	2.63856	0.00023
300	75	3.96294	0.00051
300	100	5.29074	0.00091
300	125	6.6220	0.0014
300	150	7.9567	0.0021
300	175	9.2949	0.0028
300	200	10.6367	0.0037
300	225	11.9820	0.0047
300	250	13.3308	0.0058
300	275	14.6833	0.0071
300	300	16.0393	0.0084
300	325	17.3990	0.0099
300	350	18.762	0.012
300	375	20.130	0.013
300	400	21.500	0.015
300	425	22.875	0.017

